# Created by Octave 6.2.0, Thu Dec 22 10:09:19 2022 CST <laibon-m2@laibengs-MacBook-Air.local>
# name: A
# type: matrix
# rows: 2
# columns: 2
 1 2
 3 4


# name: A2
# type: matrix
# rows: 2
# columns: 2
 1 2
 3 4


# name: E
# type: scalar
1


# name: N
# type: matrix
# rows: 5
# columns: 5
 6.229691471831007 -7.0357349391170541 4.8476685206716494 2.7647320675059492 9.2899037296399243
 9.2800786237726456 11.636118226109751 2.6667227085803407 -3.4627468525812155 -1.6196294977369909
 4.4489683609495954 5.8213221667011616 -3.1243320876354392 6.5387418278506217 2.8640682519885523
 1.6808483382291382 2.2207023750763129 6.7506105536388699 3.7601213597269734 -4.1569750122663143
 -5.4285038843550613 6.7156539644539039 2.2123955182279493 3.4999401283455489 13.681764679507236


# name: X
# type: matrix
# rows: 2
# columns: 101
 0 0.10000000000000001 0.20000000000000001 0.30000000000000004 0.40000000000000002 0.5 0.60000000000000009 0.70000000000000007 0.80000000000000004 0.90000000000000002 1 1.1000000000000001 1.2000000000000002 1.3 1.4000000000000001 1.5 1.6000000000000001 1.7000000000000002 1.8 1.9000000000000001 2 2.1000000000000001 2.2000000000000002 2.3000000000000003 2.4000000000000004 2.5 2.6000000000000001 2.7000000000000002 2.8000000000000003 2.9000000000000004 3 3.1000000000000001 3.2000000000000002 3.3000000000000003 3.4000000000000004 3.5 3.6000000000000001 3.7000000000000002 3.8000000000000003 3.9000000000000004 4 4.1000000000000005 4.2000000000000002 4.2999999999999998 4.4000000000000004 4.5 4.6000000000000005 4.7000000000000002 4.8000000000000007 4.9000000000000004 5 5.1000000000000005 5.2000000000000002 5.3000000000000007 5.4000000000000004 5.5 5.6000000000000005 5.7000000000000002 5.8000000000000007 5.9000000000000004 6 6.1000000000000005 6.2000000000000002 6.3000000000000007 6.4000000000000004 6.5 6.6000000000000005 6.7000000000000002 6.8000000000000007 6.9000000000000004 7 7.1000000000000005 7.2000000000000002 7.3000000000000007 7.4000000000000004 7.5 7.6000000000000005 7.7000000000000002 7.8000000000000007 7.9000000000000004 8 8.0999999999999996 8.2000000000000011 8.3000000000000007 8.4000000000000004 8.5 8.5999999999999996 8.7000000000000011 8.8000000000000007 8.9000000000000004 9 9.0999999999999996 9.2000000000000011 9.3000000000000007 9.4000000000000004 9.5 9.6000000000000014 9.7000000000000011 9.8000000000000007 9.9000000000000004 10
 0 0.10000000000000001 0.20000000000000001 0.30000000000000004 0.40000000000000002 0.5 0.60000000000000009 0.70000000000000007 0.80000000000000004 0.90000000000000002 1 1.1000000000000001 1.2000000000000002 1.3 1.4000000000000001 1.5 1.6000000000000001 1.7000000000000002 1.8 1.9000000000000001 2 2.1000000000000001 2.2000000000000002 2.3000000000000003 2.4000000000000004 2.5 2.6000000000000001 2.7000000000000002 2.8000000000000003 2.9000000000000004 3 3.1000000000000001 3.2000000000000002 3.3000000000000003 3.4000000000000004 3.5 3.6000000000000001 3.7000000000000002 3.8000000000000003 3.9000000000000004 4 4.1000000000000005 4.2000000000000002 4.2999999999999998 4.4000000000000004 4.5 4.6000000000000005 4.7000000000000002 4.8000000000000007 4.9000000000000004 5 5.1000000000000005 5.2000000000000002 5.3000000000000007 5.4000000000000004 5.5 5.6000000000000005 5.7000000000000002 5.8000000000000007 5.9000000000000004 6 6.1000000000000005 6.2000000000000002 6.3000000000000007 6.4000000000000004 6.5 6.6000000000000005 6.7000000000000002 6.8000000000000007 6.9000000000000004 7 7.1000000000000005 7.2000000000000002 7.3000000000000007 7.4000000000000004 7.5 7.6000000000000005 7.7000000000000002 7.8000000000000007 7.9000000000000004 8 8.0999999999999996 8.2000000000000011 8.3000000000000007 8.4000000000000004 8.5 8.5999999999999996 8.7000000000000011 8.8000000000000007 8.9000000000000004 9 9.0999999999999996 9.2000000000000011 9.3000000000000007 9.4000000000000004 9.5 9.6000000000000014 9.7000000000000011 9.8000000000000007 9.9000000000000004 10


# name: Y
# type: matrix
# rows: 2
# columns: 4
 1 2 1 2
 3 4 3 4


# name: Z
# type: matrix
# rows: 4
# columns: 6
 1 2 1 2 1 2
 3 4 3 4 3 4
 1 2 1 2 1 2
 3 4 3 4 3 4


# name: a
# type: matrix
# rows: 1
# columns: 4
 1 2 3 4


# name: b
# type: matrix
# rows: 1
# columns: 2
 1 4


# name: bb
# type: scalar
4


# name: bbb
# type: scalar
1


# name: c
# type: matrix
# rows: 1
# columns: 101
 0 0.10000000000000001 0.20000000000000001 0.30000000000000004 0.40000000000000002 0.5 0.60000000000000009 0.70000000000000007 0.80000000000000004 0.90000000000000002 1 1.1000000000000001 1.2000000000000002 1.3 1.4000000000000001 1.5 1.6000000000000001 1.7000000000000002 1.8 1.9000000000000001 2 2.1000000000000001 2.2000000000000002 2.3000000000000003 2.4000000000000004 2.5 2.6000000000000001 2.7000000000000002 2.8000000000000003 2.9000000000000004 3 3.1000000000000001 3.2000000000000002 3.3000000000000003 3.4000000000000004 3.5 3.6000000000000001 3.7000000000000002 3.8000000000000003 3.9000000000000004 4 4.1000000000000005 4.2000000000000002 4.2999999999999998 4.4000000000000004 4.5 4.6000000000000005 4.7000000000000002 4.8000000000000007 4.9000000000000004 5 5.1000000000000005 5.2000000000000002 5.3000000000000007 5.4000000000000004 5.5 5.6000000000000005 5.7000000000000002 5.8000000000000007 5.9000000000000004 6 6.1000000000000005 6.2000000000000002 6.3000000000000007 6.4000000000000004 6.5 6.6000000000000005 6.7000000000000002 6.8000000000000007 6.9000000000000004 7 7.1000000000000005 7.2000000000000002 7.3000000000000007 7.4000000000000004 7.5 7.6000000000000005 7.7000000000000002 7.8000000000000007 7.9000000000000004 8 8.0999999999999996 8.2000000000000011 8.3000000000000007 8.4000000000000004 8.5 8.5999999999999996 8.7000000000000011 8.8000000000000007 8.9000000000000004 9 9.0999999999999996 9.2000000000000011 9.3000000000000007 9.4000000000000004 9.5 9.6000000000000014 9.7000000000000011 9.8000000000000007 9.9000000000000004 10


# name: u
# type: matrix
# rows: 10
# columns: 1
 10.830182857859967
 11.211900245745191
 8.1141703789961106
 8.8353082561842662
 11.707797218020509
 7.764940700681116
 10.973101325085146
 13.773476643063615
 9.6623835665193241
 13.931217634521953


# name: x
# type: range
# base, limit, increment
-6.2831853071795862 6.2168146928204138 0.10000000000000001


# name: y
# type: matrix
# rows: 1
# columns: 126
 2.4492935982947064e-16 0.099833416646828044 0.19866933079506163 0.2955202066613396 0.38941834230865102 0.47942553860420317 0.56464247339503526 0.64421768723769135 0.7173560908995229 0.78332690962748375 0.84147098480789662 0.89120736006143531 0.93203908596722651 0.96355818541719296 0.98544972998846025 0.99749498660405445 0.99957360304150522 0.99166481045246857 0.97384763087819515 0.94630008768741436 0.9092974268256816 0.86320936664887382 0.80849640381958987 0.74570521217671981 0.67546318055115051 0.59847214410395633 0.51550137182146394 0.42737988023382956 0.33498815015590444 0.23924932921398176 0.14112000805986699 0.041580662433290241 -0.058374143427580336 -0.15774569414324888 -0.25554110202683189 -0.35078322768962006 -0.44252044329485268 -0.52983614090849351 -0.61185789094271947 -0.68776615918397421 -0.75680249530792842 -0.81827711106441092 -0.8715757724135883 -0.91616593674945501 -0.95160207388951612 -0.97753011766509712 -0.99369100363346452 -0.99992325756410094 -0.99616460883584057 -0.98245261262433237 -0.95892427466313834 -0.92581468232773201 -0.88345465572015303 -0.83226744222390059 -0.77276448755598692 -0.7055403255703917 -0.63126663787232073 -0.55068554259763736 -0.46460217941375637 -0.37387666483023579 -0.27941549819892564 -0.18216250427209477 -0.083089402817496161 0.016813900484350847 0.11654920485049389 0.21511998808781577 0.31154136351337891 0.40484992061659852 0.49411335113860916 0.57843976438820033 0.65698659871878928 0.7289690401258766 0.79366786384915322 0.85043662062856495 0.89870809581162703 0.9379999767747389 0.96791967203148666 0.98816823387700048 0.99854334537460498 0.99894134183977201 0.98935824662338179 0.9698898108450863 0.94073055667977246 0.90217183375629317 0.85459890808828032 0.79848711262349015 0.73439709787411322 0.66296923008218178 0.58491719289176147 0.50102085645788441 0.41211848524175632 0.31909836234935185 0.22288991410024567 0.12445442350706146 0.024775425453357518 -0.075151120461809551 -0.17432678122298165 -0.27176062641094439 -0.36647912925192866 -0.45753589377532161 -0.54402111088937 -0.62507064889288366 -0.69987468759354377 -0.76768580976358258 -0.82782646908565383 -0.87969575997167027 -0.92277542161280746 -0.95663501627018843 -0.98093623006649155 -0.99543625330637742 -0.99999020655070348 -0.99455258820398895 -0.97917772915131696 -0.95401924990208886 -0.9193285256646756 -0.8754521746884284 -0.82282859496870775 -0.76198358391903198 -0.69352508477712216 -0.61813711223703305 -0.53657291800043472 -0.44964746453459964 -0.35822928223682682 -0.26323179136580072 -0.16560417544830916 -0.066321897351200448


